SHADOW Model - Trial 0 - Member Interval Sample Indices
======================================================================

Total samples: 5173
Total timestamps: 80

Interval: 0 (Member length = 0)
Sample count: 306
Sample indices: [3232, 3237, 3240, 3243, 3247, 3251, 3256, 3258, 3277, 3284, 3286, 3299, 3301, 3316, 3324, 3329, 3343, 3344, 3350, 3354, 3356, 3359, 3374, 3375, 3385, 3386, 3388, 3397, 3398, 3401, 3405, 3406, 3419, 3431, 3439, 3441, 3449, 3452, 3456, 3458, 3465, 3480, 3493, 3496, 3498, 3500, 3502, 3503, 3508, 3512, 3513, 3527, 3529, 3539, 3540, 3545, 3548, 3552, 3556, 3558, 3564, 3565, 3567, 3574, 3586, 3587, 3590, 3605, 3612, 3620, 3632, 3644, 3652, 3653, 3654, 3655, 3663, 3665, 3670, 3675, 3676, 3678, 3695, 3702, 3709, 3713, 3714, 3719, 3725, 3730, 3740, 3743, 3746, 3749, 3751, 3752, 3766, 3771, 3781, 3787, 3789, 3790, 3792, 3801, 3810, 3811, 3813, 3834, 3839, 3842, 3852, 3866, 3871, 3874, 3879, 3887, 3897, 3913, 3919, 3937, 3945, 3952, 3959, 3961, 3968, 3974, 3989, 3996, 3999, 4002, 4003, 4008, 4023, 4029, 4031, 4032, 4036, 4044, 4055, 4062, 4072, 4087, 4097, 4098, 4106, 4107, 4124, 4129, 4136, 4139, 4140, 4147, 4153, 4154, 4155, 4159, 4160, 4167, 4170, 4175, 4181, 4188, 4192, 4195, 4201, 4224, 4230, 4235, 4248, 4249, 4252, 4270, 4274, 4291, 4292, 4311, 4316, 4317, 4320, 4322, 4327, 4333, 4336, 4343, 4345, 4348, 4353, 4355, 4361, 4366, 4371, 4373, 4381, 4382, 4394, 4397, 4406, 4407, 4438, 4441, 4445, 4453, 4455, 4459, 4484, 4485, 4491, 4493, 4497, 4507, 4510, 4517, 4529, 4535, 4539, 4545, 4559, 4567, 4569, 4576, 4581, 4585, 4586, 4616, 4618, 4621, 4651, 4655, 4657, 4666, 4675, 4676, 4685, 4689, 4695, 4696, 4714, 4736, 4738, 4743, 4747, 4753, 4755, 4764, 4765, 4767, 4771, 4803, 4819, 4828, 4831, 4833, 4834, 4836, 4839, 4846, 4850, 4851, 4854, 4855, 4856, 4869, 4871, 4876, 4896, 4897, 4931, 4937, 4942, 4946, 4956, 4975, 4979, 4980, 4987, 4990, 5003, 5004, 5016, 5017, 5023, 5035, 5047, 5053, 5058, 5064, 5065, 5066, 5067, 5069, 5085, 5090, 5094, 5101, 5115, 5127, 5129, 5138, 5139, 5142, 5143, 5145, 5152, 5160, 5162, 5170]

Interval: 1-39 (Member length: 1 to 39)
Sample count: 1380
Sample indices: [1, 5, 8, 10, 14, 23, 26, 34, 43, 44, 53, 54, 55, 63, 66, 76, 81, 89, 92, 100, 101, 102, 108, 110, 111, 119, 122, 124, 126, 130, 131, 135, 146, 163, 171, 173, 177, 178, 185, 188, 193, 194, 199, 200, 202, 205, 207, 212, 215, 217, 220, 221, 227, 230, 232, 250, 252, 256, 257, 266, 269, 275, 276, 279, 283, 284, 288, 292, 295, 310, 317, 319, 323, 325, 328, 333, 337, 339, 342, 354, 361, 366, 368, 372, 375, 377, 379, 380, 385, 387, 389, 390, 393, 403, 404, 415, 417, 419, 422, 423, 424, 425, 428, 429, 430, 444, 445, 449, 466, 467, 478, 485, 487, 494, 496, 498, 501, 505, 511, 513, 527, 528, 529, 534, 536, 539, 541, 543, 547, 555, 556, 565, 568, 573, 575, 577, 582, 585, 586, 587, 588, 589, 593, 599, 600, 601, 602, 604, 605, 607, 609, 617, 621, 624, 628, 629, 637, 643, 644, 647, 649, 651, 654, 658, 660, 666, 679, 682, 683, 684, 688, 690, 693, 699, 702, 710, 712, 713, 715, 717, 722, 728, 733, 742, 760, 768, 779, 782, 789, 791, 793, 798, 802, 807, 808, 813, 814, 820, 821, 824, 828, 830, 831, 835, 836, 839, 842, 847, 849, 850, 857, 863, 870, 876, 879, 881, 882, 885, 887, 889, 894, 901, 909, 910, 920, 924, 931, 954, 955, 957, 964, 967, 968, 972, 977, 985, 988, 991, 994, 995, 996, 998, 1002, 1007, 1009, 1010, 1011, 1012, 1015, 1016, 1020, 1022, 1026, 1039, 1044, 1048, 1051, 1054, 1056, 1058, 1059, 1070, 1074, 1076, 1078, 1082, 1084, 1086, 1092, 1095, 1097, 1098, 1102, 1104, 1112, 1113, 1114, 1119, 1123, 1124, 1129, 1133, 1134, 1139, 1142, 1143, 1146, 1147, 1150, 1163, 1164, 1168, 1170, 1172, 1174, 1178, 1179, 1181, 1184, 1190, 1191, 1202, 1204, 1205, 1206, 1210, 1212, 1215, 1218, 1222, 1223, 1227, 1239, 1241, 1247, 1250, 1257, 1259, 1260, 1266, 1267, 1271, 1277, 1284, 1288, 1291, 1295, 1300, 1302, 1319, 1323, 1326, 1327, 1333, 1345, 1346, 1347, 1353, 1359, 1360, 1361, 1363, 1367, 1376, 1383, 1392, 1397, 1398, 1399, 1402, 1406, 1415, 1418, 1422, 1427, 1429, 1430, 1432, 1444, 1446, 1447, 1450, 1456, 1458, 1463, 1471, 1480, 1484, 1485, 1488, 1492, 1493, 1495, 1496, 1506, 1509, 1515, 1519, 1523, 1528, 1529, 1530, 1538, 1539, 1547, 1552, 1554, 1555, 1556, 1565, 1569, 1581, 1590, 1593, 1595, 1600, 1602, 1603, 1605, 1606, 1608, 1612, 1613, 1614, 1629, 1637, 1644, 1645, 1648, 1657, 1659, 1660, 1666, 1668, 1672, 1675, 1677, 1684, 1685, 1686, 1694, 1695, 1702, 1704, 1713, 1717, 1719, 1724, 1726, 1727, 1728, 1750, 1751, 1752, 1756, 1773, 1774, 1782, 1785, 1790, 1792, 1795, 1798, 1802, 1806, 1809, 1810, 1814, 1817, 1818, 1819, 1820, 1822, 1824, 1831, 1833, 1841, 1843, 1845, 1847, 1848, 1855, 1857, 1863, 1864, 1882, 1884, 1889, 1890, 1899, 1900, 1904, 1907, 1908, 1926, 1927, 1928, 1930, 1931, 1934, 1935, 1940, 1943, 1944, 1945, 1950, 1960, 1963, 1964, 1966, 1968, 1969, 1972, 1976, 1977, 1983, 1987, 1990, 1993, 1995, 1996, 2002, 2003, 2004, 2010, 2012, 2016, 2017, 2020, 2021, 2023, 2024, 2027, 2029, 2031, 2036, 2037, 2042, 2047, 2049, 2051, 2058, 2064, 2071, 2073, 2076, 2080, 2081, 2087, 2088, 2090, 2092, 2096, 2106, 2110, 2115, 2119, 2123, 2125, 2126, 2134, 2138, 2144, 2146, 2154, 2170, 2172, 2185, 2190, 2206, 2211, 2212, 2214, 2215, 2217, 2218, 2225, 2227, 2235, 2237, 2239, 2241, 2243, 2247, 2249, 2250, 2251, 2255, 2259, 2262, 2263, 2265, 2268, 2270, 2276, 2279, 2280, 2284, 2288, 2297, 2299, 2300, 2309, 2311, 2323, 2329, 2343, 2346, 2351, 2354, 2359, 2364, 2373, 2379, 2380, 2385, 2397, 2398, 2400, 2402, 2406, 2407, 2413, 2417, 2423, 2424, 2429, 2437, 2438, 2440, 2444, 2449, 2450, 2452, 2456, 2461, 2464, 2465, 2469, 2471, 2476, 2477, 2487, 2495, 2496, 2502, 2503, 2509, 2514, 2516, 2518, 2527, 2531, 2536, 2537, 2538, 2539, 2556, 2557, 2559, 2561, 2574, 2579, 2582, 2583, 2585, 2588, 2590, 2591, 2600, 2611, 2614, 2619, 2626, 2629, 2639, 2642, 2647, 2648, 2650, 2651, 2658, 2662, 2671, 2678, 2681, 2682, 2684, 2691, 2693, 2697, 2698, 2700, 2705, 2706, 2707, 2715, 2718, 2720, 2724, 2740, 2742, 2743, 2750, 2752, 2756, 2761, 2762, 2766, 2768, 2769, 2772, 2781, 2793, 2796, 2807, 2812, 2819, 2820, 2823, 2824, 2828, 2832, 2838, 2839, 2843, 2845, 2847, 2848, 2853, 2854, 2860, 2862, 2864, 2874, 2875, 2879, 2884, 2902, 2912, 2923, 2926, 2927, 2929, 2930, 2936, 2940, 2952, 2953, 2954, 2958, 2962, 2963, 2966, 2967, 2974, 2980, 2981, 2985, 2992, 2999, 3002, 3004, 3014, 3020, 3028, 3038, 3039, 3042, 3044, 3048, 3051, 3053, 3055, 3057, 3058, 3061, 3071, 3073, 3075, 3086, 3093, 3094, 3095, 3102, 3105, 3106, 3114, 3119, 3120, 3124, 3126, 3132, 3135, 3143, 3149, 3152, 3156, 3160, 3161, 3164, 3165, 3172, 3184, 3188, 3192, 3195, 3197, 3198, 3203, 3207, 3214, 3216, 3220, 3221, 3222, 3225, 3226, 3229, 3230, 3234, 3235, 3236, 3239, 3242, 3244, 3249, 3252, 3253, 3259, 3260, 3261, 3263, 3265, 3285, 3287, 3293, 3294, 3305, 3309, 3310, 3313, 3318, 3322, 3331, 3333, 3335, 3336, 3339, 3345, 3353, 3364, 3369, 3370, 3371, 3372, 3379, 3381, 3389, 3391, 3399, 3404, 3407, 3411, 3413, 3416, 3422, 3423, 3429, 3432, 3436, 3438, 3440, 3443, 3445, 3446, 3447, 3451, 3453, 3455, 3459, 3462, 3467, 3471, 3472, 3477, 3478, 3489, 3491, 3492, 3507, 3510, 3516, 3518, 3520, 3523, 3526, 3530, 3531, 3534, 3535, 3536, 3546, 3568, 3571, 3572, 3579, 3583, 3596, 3597, 3598, 3599, 3601, 3604, 3606, 3608, 3610, 3611, 3621, 3627, 3634, 3636, 3645, 3646, 3649, 3651, 3657, 3662, 3668, 3671, 3672, 3673, 3674, 3681, 3683, 3686, 3692, 3694, 3706, 3716, 3717, 3720, 3727, 3728, 3732, 3733, 3734, 3736, 3748, 3753, 3757, 3759, 3762, 3764, 3765, 3768, 3776, 3777, 3778, 3785, 3788, 3791, 3794, 3800, 3803, 3806, 3815, 3816, 3820, 3823, 3824, 3825, 3826, 3828, 3829, 3836, 3840, 3841, 3847, 3850, 3853, 3857, 3859, 3862, 3863, 3864, 3868, 3875, 3882, 3895, 3903, 3908, 3909, 3914, 3915, 3917, 3918, 3922, 3925, 3928, 3929, 3934, 3935, 3939, 3941, 3942, 3943, 3953, 3958, 3960, 3963, 3969, 3970, 3973, 3975, 3979, 3981, 3983, 3987, 3993, 3995, 3997, 4004, 4007, 4009, 4010, 4011, 4014, 4016, 4024, 4025, 4035, 4037, 4038, 4039, 4041, 4043, 4046, 4048, 4052, 4054, 4056, 4059, 4060, 4061, 4064, 4070, 4071, 4075, 4077, 4078, 4079, 4081, 4082, 4084, 4085, 4086, 4089, 4091, 4092, 4093, 4096, 4103, 4105, 4109, 4111, 4112, 4113, 4114, 4118, 4119, 4126, 4130, 4132, 4133, 4142, 4151, 4156, 4158, 4163, 4165, 4166, 4168, 4172, 4177, 4179, 4184, 4185, 4187, 4189, 4197, 4200, 4203, 4206, 4207, 4211, 4212, 4221, 4225, 4228, 4229, 4231, 4234, 4236, 4238, 4245, 4246, 4247, 4250, 4254, 4258, 4260, 4262, 4263, 4266, 4267, 4268, 4269, 4279, 4280, 4283, 4284, 4285, 4286, 4301, 4302, 4303, 4304, 4313, 4314, 4318, 4321, 4325, 4326, 4332, 4334, 4337, 4340, 4341, 4346, 4347, 4358, 4359, 4368, 4372, 4378, 4379, 4380, 4388, 4390, 4395, 4400, 4401, 4403, 4409, 4414, 4416, 4424, 4425, 4430, 4431, 4432, 4434, 4443, 4447, 4448, 4449, 4450, 4452, 4460, 4465, 4468, 4476, 4486, 4495, 4500, 4501, 4502, 4505, 4508, 4513, 4519, 4522, 4528, 4531, 4534, 4542, 4543, 4549, 4552, 4553, 4556, 4560, 4570, 4578, 4579, 4582, 4583, 4590, 4595, 4599, 4604, 4605, 4606, 4612, 4615, 4623, 4625, 4626, 4627, 4629, 4634, 4637, 4639, 4641, 4645, 4648, 4650, 4654, 4659, 4660, 4661, 4663, 4667, 4674, 4681, 4683, 4684, 4687, 4690, 4693, 4698, 4700, 4702, 4705, 4706, 4709, 4713, 4717, 4718, 4719, 4720, 4722, 4723, 4725, 4727, 4729, 4730, 4731, 4733, 4734, 4735, 4739, 4740, 4744, 4746, 4750, 4751, 4752, 4756, 4760, 4762, 4768, 4774, 4777, 4778, 4781, 4783, 4786, 4787, 4788, 4791, 4793, 4795, 4796, 4800, 4806, 4814, 4818, 4820, 4822, 4825, 4829, 4840, 4841, 4849, 4852, 4853, 4857, 4859, 4861, 4863, 4868, 4872, 4877, 4881, 4883, 4887, 4890, 4891, 4892, 4900, 4901, 4902, 4905, 4906, 4907, 4908, 4909, 4911, 4913, 4921, 4922, 4923, 4924, 4929, 4930, 4935, 4936, 4938, 4943, 4944, 4945, 4948, 4950, 4951, 4954, 4958, 4959, 4961, 4962, 4964, 4967, 4969, 4971, 4972, 4981, 4982, 4985, 4988, 4989, 4992, 4996, 4998, 4999, 5000, 5001, 5010, 5011, 5012, 5014, 5019, 5026, 5029, 5030, 5031, 5032, 5034, 5036, 5040, 5041, 5042, 5044, 5046, 5049, 5050, 5052, 5055, 5059, 5060, 5068, 5073, 5076, 5077, 5079, 5084, 5087, 5088, 5098, 5099, 5100, 5102, 5103, 5104, 5113, 5119, 5122, 5126, 5131, 5135, 5137, 5141, 5144, 5149, 5155, 5156, 5159, 5163, 5166, 5171]

Interval: 40-79 (Member length: 40 to 79)
Sample count: 2322
Sample indices: [2, 7, 11, 13, 15, 20, 27, 28, 29, 30, 32, 37, 39, 40, 46, 47, 49, 52, 56, 59, 60, 61, 62, 64, 67, 71, 72, 77, 78, 80, 83, 85, 87, 88, 90, 94, 97, 99, 103, 106, 107, 109, 113, 114, 117, 121, 123, 127, 129, 132, 133, 134, 138, 142, 143, 147, 149, 150, 151, 153, 157, 159, 164, 166, 167, 172, 175, 179, 181, 184, 187, 189, 190, 191, 192, 196, 197, 203, 208, 210, 214, 218, 219, 224, 228, 231, 233, 235, 238, 240, 241, 243, 245, 248, 251, 259, 265, 268, 271, 273, 274, 280, 282, 287, 289, 290, 296, 297, 298, 301, 302, 304, 306, 308, 313, 314, 315, 318, 321, 326, 327, 329, 330, 331, 332, 335, 336, 338, 340, 341, 344, 345, 346, 349, 356, 357, 358, 359, 360, 362, 364, 367, 371, 374, 382, 383, 386, 394, 395, 396, 399, 400, 401, 402, 405, 407, 408, 409, 410, 416, 418, 420, 421, 427, 432, 433, 436, 437, 439, 440, 441, 442, 443, 448, 451, 453, 454, 455, 457, 458, 459, 460, 461, 463, 469, 472, 473, 476, 479, 480, 482, 483, 484, 486, 488, 490, 492, 493, 497, 499, 500, 507, 509, 510, 512, 515, 516, 517, 518, 520, 531, 532, 533, 537, 538, 542, 544, 545, 546, 548, 549, 550, 553, 557, 559, 561, 562, 564, 566, 567, 570, 574, 578, 580, 590, 592, 598, 603, 606, 610, 611, 613, 616, 618, 619, 622, 623, 625, 627, 630, 632, 633, 634, 640, 646, 659, 661, 665, 667, 669, 672, 676, 677, 678, 680, 685, 687, 695, 696, 697, 700, 703, 707, 708, 709, 711, 716, 720, 730, 731, 732, 737, 739, 741, 743, 744, 751, 753, 756, 757, 758, 759, 762, 765, 770, 771, 772, 773, 777, 778, 787, 796, 797, 800, 803, 804, 809, 810, 811, 812, 817, 822, 825, 827, 829, 832, 833, 837, 840, 841, 846, 852, 854, 856, 858, 859, 860, 862, 868, 871, 872, 873, 883, 884, 893, 896, 897, 899, 900, 902, 903, 906, 907, 911, 912, 913, 914, 915, 917, 918, 919, 921, 922, 926, 928, 933, 937, 938, 939, 940, 948, 951, 952, 953, 956, 958, 959, 962, 969, 970, 973, 974, 975, 980, 982, 984, 989, 992, 993, 1001, 1004, 1005, 1013, 1014, 1019, 1024, 1025, 1029, 1030, 1032, 1033, 1036, 1038, 1046, 1047, 1049, 1050, 1053, 1055, 1057, 1060, 1061, 1062, 1063, 1067, 1069, 1071, 1072, 1073, 1080, 1081, 1083, 1085, 1087, 1088, 1089, 1091, 1093, 1099, 1100, 1103, 1105, 1108, 1117, 1118, 1120, 1121, 1122, 1125, 1126, 1127, 1128, 1132, 1135, 1138, 1145, 1148, 1149, 1152, 1154, 1156, 1157, 1159, 1160, 1161, 1162, 1165, 1166, 1167, 1169, 1171, 1175, 1176, 1180, 1183, 1186, 1187, 1188, 1189, 1192, 1194, 1195, 1196, 1197, 1198, 1201, 1207, 1208, 1209, 1213, 1214, 1225, 1226, 1229, 1230, 1231, 1232, 1234, 1235, 1236, 1237, 1238, 1251, 1253, 1262, 1263, 1269, 1270, 1273, 1274, 1275, 1278, 1281, 1282, 1285, 1286, 1289, 1292, 1293, 1294, 1296, 1297, 1301, 1303, 1304, 1311, 1313, 1316, 1320, 1322, 1325, 1329, 1332, 1335, 1338, 1341, 1344, 1351, 1352, 1357, 1358, 1364, 1365, 1366, 1368, 1374, 1377, 1378, 1379, 1381, 1385, 1386, 1387, 1390, 1394, 1395, 1396, 1403, 1407, 1408, 1409, 1411, 1413, 1417, 1419, 1421, 1423, 1424, 1425, 1426, 1431, 1435, 1436, 1437, 1439, 1442, 1443, 1449, 1451, 1452, 1455, 1459, 1461, 1462, 1464, 1468, 1469, 1470, 1472, 1473, 1476, 1477, 1479, 1486, 1487, 1489, 1494, 1497, 1498, 1499, 1501, 1505, 1512, 1514, 1517, 1520, 1522, 1524, 1525, 1526, 1531, 1532, 1533, 1536, 1540, 1541, 1544, 1545, 1546, 1548, 1550, 1553, 1558, 1559, 1560, 1562, 1563, 1564, 1567, 1568, 1570, 1571, 1575, 1576, 1577, 1578, 1580, 1582, 1583, 1584, 1585, 1587, 1588, 1594, 1598, 1599, 1610, 1611, 1615, 1616, 1617, 1622, 1627, 1628, 1630, 1631, 1632, 1634, 1635, 1641, 1642, 1646, 1647, 1649, 1650, 1651, 1654, 1656, 1658, 1664, 1667, 1669, 1673, 1676, 1678, 1682, 1683, 1687, 1688, 1689, 1690, 1692, 1693, 1697, 1698, 1703, 1705, 1706, 1708, 1711, 1712, 1714, 1715, 1716, 1718, 1720, 1721, 1722, 1732, 1733, 1735, 1738, 1740, 1741, 1743, 1745, 1748, 1753, 1754, 1755, 1757, 1758, 1759, 1760, 1761, 1762, 1763, 1764, 1765, 1767, 1768, 1769, 1771, 1772, 1775, 1776, 1780, 1781, 1783, 1784, 1787, 1788, 1793, 1797, 1799, 1800, 1803, 1815, 1823, 1826, 1828, 1829, 1830, 1832, 1835, 1838, 1839, 1840, 1844, 1846, 1852, 1856, 1859, 1860, 1862, 1865, 1866, 1869, 1871, 1876, 1877, 1879, 1880, 1881, 1885, 1886, 1888, 1892, 1893, 1895, 1896, 1897, 1901, 1902, 1903, 1909, 1913, 1914, 1915, 1916, 1919, 1923, 1925, 1932, 1933, 1936, 1937, 1939, 1941, 1942, 1946, 1947, 1949, 1953, 1954, 1955, 1956, 1957, 1958, 1961, 1967, 1970, 1973, 1982, 1985, 1988, 1989, 1991, 1992, 1994, 1998, 1999, 2000, 2001, 2005, 2009, 2014, 2018, 2022, 2025, 2032, 2034, 2035, 2038, 2039, 2043, 2045, 2048, 2052, 2053, 2054, 2059, 2060, 2062, 2065, 2068, 2069, 2074, 2077, 2078, 2082, 2083, 2084, 2085, 2086, 2089, 2091, 2093, 2095, 2097, 2100, 2101, 2103, 2111, 2112, 2114, 2116, 2129, 2130, 2131, 2136, 2139, 2145, 2147, 2148, 2149, 2150, 2151, 2153, 2155, 2157, 2159, 2161, 2162, 2164, 2167, 2168, 2169, 2174, 2176, 2177, 2179, 2181, 2183, 2187, 2189, 2192, 2193, 2195, 2196, 2200, 2201, 2202, 2207, 2216, 2219, 2220, 2224, 2230, 2232, 2240, 2242, 2254, 2257, 2258, 2260, 2266, 2267, 2272, 2273, 2274, 2275, 2277, 2282, 2283, 2287, 2289, 2291, 2292, 2296, 2298, 2302, 2307, 2308, 2310, 2312, 2313, 2314, 2316, 2320, 2322, 2324, 2325, 2328, 2333, 2334, 2336, 2337, 2339, 2340, 2341, 2342, 2344, 2347, 2348, 2355, 2357, 2360, 2361, 2365, 2371, 2376, 2377, 2382, 2387, 2388, 2390, 2391, 2393, 2395, 2399, 2401, 2403, 2404, 2408, 2411, 2412, 2418, 2419, 2420, 2426, 2427, 2431, 2434, 2435, 2436, 2439, 2442, 2443, 2445, 2446, 2451, 2454, 2455, 2459, 2463, 2467, 2472, 2473, 2475, 2482, 2483, 2484, 2489, 2490, 2492, 2493, 2494, 2497, 2501, 2505, 2508, 2511, 2512, 2513, 2515, 2520, 2522, 2526, 2530, 2532, 2533, 2535, 2542, 2543, 2547, 2548, 2552, 2553, 2554, 2565, 2566, 2567, 2568, 2570, 2572, 2573, 2575, 2576, 2580, 2581, 2584, 2586, 2589, 2592, 2593, 2595, 2596, 2597, 2599, 2602, 2603, 2605, 2606, 2608, 2609, 2613, 2618, 2625, 2627, 2630, 2633, 2634, 2637, 2638, 2643, 2645, 2646, 2649, 2652, 2656, 2659, 2660, 2661, 2664, 2665, 2666, 2668, 2670, 2673, 2676, 2677, 2679, 2685, 2686, 2694, 2695, 2699, 2701, 2702, 2703, 2704, 2708, 2714, 2719, 2721, 2726, 2727, 2728, 2729, 2730, 2733, 2736, 2737, 2739, 2749, 2751, 2753, 2755, 2757, 2759, 2760, 2763, 2764, 2765, 2767, 2773, 2775, 2778, 2790, 2791, 2792, 2795, 2798, 2800, 2801, 2802, 2803, 2804, 2808, 2810, 2811, 2815, 2816, 2817, 2821, 2822, 2825, 2826, 2829, 2830, 2835, 2836, 2841, 2846, 2852, 2857, 2858, 2865, 2866, 2867, 2871, 2876, 2878, 2881, 2882, 2883, 2887, 2895, 2896, 2897, 2898, 2899, 2900, 2901, 2904, 2906, 2907, 2908, 2909, 2913, 2915, 2916, 2917, 2920, 2928, 2931, 2932, 2934, 2935, 2941, 2943, 2945, 2949, 2956, 2957, 2961, 2965, 2969, 2971, 2972, 2973, 2975, 2977, 2979, 2983, 2984, 2986, 2988, 2989, 2991, 2993, 2994, 2995, 2996, 2997, 3003, 3005, 3006, 3008, 3010, 3011, 3012, 3013, 3017, 3022, 3025, 3026, 3029, 3030, 3032, 3034, 3035, 3036, 3037, 3041, 3043, 3045, 3046, 3047, 3049, 3050, 3052, 3054, 3056, 3060, 3062, 3063, 3064, 3065, 3066, 3067, 3068, 3069, 3070, 3074, 3076, 3079, 3080, 3082, 3084, 3087, 3088, 3089, 3090, 3092, 3096, 3097, 3098, 3101, 3103, 3109, 3110, 3112, 3113, 3115, 3116, 3122, 3127, 3128, 3130, 3134, 3138, 3139, 3140, 3144, 3145, 3147, 3148, 3151, 3158, 3159, 3167, 3174, 3177, 3179, 3183, 3187, 3189, 3190, 3191, 3201, 3202, 3204, 3205, 3208, 3209, 3210, 3211, 3212, 3213, 3215, 3217, 3218, 3219, 3223, 3224, 3227, 3228, 3231, 3233, 3238, 3241, 3245, 3246, 3248, 3250, 3254, 3255, 3257, 3262, 3264, 3266, 3267, 3268, 3269, 3270, 3271, 3272, 3273, 3274, 3275, 3276, 3278, 3279, 3280, 3281, 3282, 3283, 3288, 3289, 3290, 3291, 3292, 3295, 3296, 3297, 3298, 3300, 3302, 3303, 3304, 3306, 3307, 3308, 3311, 3312, 3314, 3315, 3317, 3319, 3320, 3321, 3323, 3325, 3326, 3327, 3328, 3330, 3332, 3334, 3337, 3338, 3340, 3341, 3342, 3346, 3347, 3348, 3349, 3351, 3352, 3355, 3357, 3360, 3361, 3362, 3363, 3365, 3366, 3367, 3368, 3373, 3376, 3377, 3378, 3380, 3382, 3383, 3384, 3387, 3390, 3392, 3393, 3394, 3395, 3400, 3402, 3403, 3408, 3409, 3410, 3412, 3414, 3415, 3417, 3418, 3420, 3421, 3424, 3425, 3426, 3427, 3428, 3430, 3433, 3434, 3435, 3437, 3442, 3444, 3448, 3450, 3454, 3457, 3460, 3461, 3463, 3464, 3466, 3468, 3469, 3470, 3473, 3474, 3475, 3476, 3479, 3481, 3482, 3483, 3484, 3485, 3486, 3487, 3488, 3490, 3494, 3495, 3497, 3499, 3501, 3504, 3505, 3506, 3509, 3511, 3514, 3515, 3517, 3519, 3521, 3522, 3524, 3525, 3528, 3532, 3533, 3537, 3538, 3541, 3542, 3543, 3544, 3547, 3549, 3550, 3551, 3553, 3554, 3555, 3557, 3559, 3560, 3561, 3562, 3563, 3566, 3569, 3570, 3573, 3576, 3577, 3578, 3580, 3581, 3582, 3584, 3585, 3588, 3589, 3591, 3592, 3593, 3594, 3595, 3600, 3602, 3603, 3607, 3609, 3613, 3614, 3615, 3616, 3617, 3618, 3619, 3622, 3623, 3624, 3625, 3626, 3628, 3629, 3630, 3631, 3633, 3635, 3637, 3638, 3639, 3640, 3641, 3642, 3643, 3647, 3648, 3650, 3656, 3658, 3659, 3660, 3661, 3664, 3666, 3667, 3669, 3677, 3679, 3680, 3682, 3684, 3685, 3687, 3688, 3689, 3690, 3691, 3693, 3696, 3697, 3698, 3699, 3700, 3701, 3703, 3704, 3705, 3707, 3708, 3710, 3711, 3712, 3715, 3718, 3721, 3722, 3723, 3724, 3726, 3729, 3731, 3735, 3737, 3738, 3739, 3741, 3742, 3744, 3745, 3747, 3750, 3754, 3755, 3756, 3758, 3760, 3761, 3763, 3767, 3769, 3770, 3772, 3773, 3774, 3775, 3779, 3780, 3782, 3783, 3786, 3793, 3795, 3796, 3797, 3798, 3799, 3802, 3804, 3805, 3807, 3808, 3809, 3812, 3814, 3817, 3818, 3819, 3821, 3822, 3827, 3830, 3831, 3832, 3833, 3835, 3837, 3838, 3843, 3844, 3845, 3846, 3848, 3849, 3851, 3854, 3855, 3856, 3858, 3860, 3861, 3865, 3867, 3869, 3870, 3872, 3873, 3876, 3877, 3878, 3880, 3881, 3883, 3884, 3885, 3886, 3888, 3889, 3890, 3891, 3892, 3893, 3894, 3896, 3898, 3899, 3900, 3901, 3902, 3904, 3905, 3906, 3907, 3910, 3911, 3912, 3916, 3920, 3921, 3923, 3924, 3926, 3927, 3930, 3931, 3932, 3933, 3936, 3940, 3944, 3946, 3947, 3948, 3949, 3950, 3951, 3954, 3955, 3956, 3957, 3962, 3964, 3965, 3966, 3967, 3971, 3972, 3976, 3977, 3978, 3980, 3982, 3984, 3985, 3986, 3988, 3990, 3991, 3992, 3994, 3998, 4000, 4001, 4005, 4006, 4012, 4013, 4015, 4017, 4018, 4019, 4020, 4021, 4022, 4026, 4027, 4028, 4030, 4033, 4034, 4040, 4042, 4045, 4047, 4049, 4050, 4051, 4053, 4057, 4058, 4063, 4065, 4066, 4067, 4068, 4069, 4073, 4074, 4076, 4080, 4083, 4088, 4090, 4094, 4095, 4100, 4101, 4102, 4104, 4108, 4110, 4115, 4116, 4117, 4120, 4121, 4122, 4123, 4125, 4127, 4128, 4131, 4134, 4135, 4137, 4138, 4141, 4143, 4144, 4145, 4146, 4148, 4149, 4150, 4152, 4157, 4161, 4162, 4169, 4171, 4173, 4174, 4176, 4178, 4180, 4182, 4183, 4186, 4190, 4191, 4193, 4194, 4196, 4198, 4199, 4202, 4204, 4205, 4208, 4209, 4210, 4213, 4214, 4215, 4216, 4217, 4218, 4219, 4220, 4222, 4223, 4226, 4227, 4232, 4233, 4237, 4239, 4240, 4241, 4242, 4244, 4251, 4253, 4255, 4256, 4257, 4259, 4261, 4264, 4265, 4271, 4272, 4273, 4275, 4276, 4277, 4278, 4281, 4282, 4287, 4288, 4289, 4290, 4293, 4294, 4295, 4296, 4297, 4298, 4299, 4300, 4305, 4306, 4307, 4308, 4309, 4310, 4312, 4315, 4319, 4323, 4324, 4328, 4329, 4330, 4331, 4335, 4338, 4339, 4342, 4344, 4349, 4350, 4351, 4352, 4354, 4356, 4357, 4360, 4362, 4363, 4364, 4365, 4367, 4369, 4370, 4374, 4375, 4376, 4377, 4383, 4384, 4385, 4386, 4387, 4389, 4391, 4392, 4393, 4396, 4398, 4399, 4402, 4404, 4405, 4408, 4410, 4411, 4412, 4413, 4415, 4417, 4418, 4419, 4421, 4422, 4423, 4426, 4427, 4428, 4429, 4433, 4435, 4436, 4437, 4439, 4440, 4442, 4444, 4446, 4451, 4454, 4456, 4457, 4458, 4461, 4462, 4463, 4464, 4466, 4467, 4469, 4470, 4471, 4472, 4473, 4474, 4475, 4477, 4478, 4479, 4480, 4481, 4482, 4483, 4487, 4488, 4489, 4490, 4492, 4494, 4496, 4498, 4499, 4503, 4504, 4506, 4509, 4511, 4512, 4514, 4515, 4516, 4518, 4520, 4521, 4523, 4524, 4525, 4526, 4527, 4530, 4532, 4533, 4536, 4537, 4538, 4540, 4541, 4544, 4546, 4547, 4548, 4550, 4551, 4554, 4555, 4557, 4558, 4561, 4562, 4563, 4564, 4565, 4566, 4568, 4571, 4572, 4573, 4574, 4575, 4577, 4580, 4587, 4588, 4589, 4591, 4592, 4593, 4594, 4596, 4597, 4598, 4600, 4601, 4602, 4603, 4607, 4608, 4609, 4610, 4611, 4613, 4614, 4617, 4619, 4620, 4622, 4624, 4628, 4630, 4631, 4632, 4633, 4635, 4636, 4640, 4642, 4643, 4644, 4646, 4647, 4649, 4652, 4653, 4656, 4658, 4662, 4664, 4665, 4668, 4669, 4670, 4671, 4672, 4673, 4677, 4678, 4679, 4680, 4682, 4686, 4688, 4691, 4692, 4694, 4697, 4699, 4701, 4703, 4704, 4707, 4708, 4710, 4711, 4712, 4715, 4716, 4721, 4724, 4726, 4728, 4732, 4737, 4741, 4742, 4745, 4748, 4749, 4754, 4757, 4758, 4759, 4761, 4763, 4766, 4769, 4770, 4772, 4773, 4775, 4776, 4779, 4780, 4782, 4784, 4785, 4789, 4790, 4792, 4794, 4797, 4798, 4799, 4801, 4802, 4804, 4805, 4807, 4808, 4809, 4810, 4811, 4812, 4813, 4815, 4816, 4817, 4821, 4823, 4824, 4826, 4827, 4830, 4832, 4835, 4837, 4838, 4842, 4843, 4844, 4845, 4847, 4848, 4858, 4860, 4862, 4864, 4865, 4866, 4867, 4870, 4873, 4874, 4875, 4878, 4879, 4880, 4882, 4884, 4885, 4886, 4888, 4889, 4893, 4894, 4895, 4898, 4899, 4903, 4904, 4910, 4912, 4914, 4915, 4916, 4917, 4918, 4919, 4920, 4925, 4926, 4927, 4928, 4932, 4933, 4934, 4939, 4940, 4941, 4947, 4949, 4952, 4953, 4957, 4960, 4963, 4965, 4966, 4968, 4970, 4973, 4974, 4976, 4977, 4978, 4983, 4984, 4986, 4991, 4993, 4994, 4995, 4997, 5002, 5005, 5006, 5007, 5008, 5009, 5013, 5015, 5018, 5020, 5021, 5022, 5024, 5025, 5027, 5028, 5033, 5037, 5038, 5039, 5043, 5045, 5048, 5051, 5054, 5056, 5057, 5061, 5062, 5063, 5070, 5071, 5072, 5074, 5075, 5078, 5080, 5081, 5082, 5083, 5086, 5089, 5091, 5092, 5093, 5095, 5096, 5097, 5105, 5106, 5107, 5108, 5109, 5110, 5111, 5112, 5114, 5116, 5117, 5118, 5120, 5121, 5123, 5124, 5125, 5128, 5130, 5132, 5133, 5134, 5136, 5140, 5146, 5147, 5148, 5150, 5151, 5153, 5154, 5158, 5161, 5164, 5165, 5167, 5168, 5169, 5172]

Interval: 80-119 (Member length: 80 to 119)
Sample count: 1165
Sample indices: [0, 3, 4, 6, 9, 12, 16, 17, 18, 19, 21, 22, 24, 25, 31, 33, 35, 36, 38, 41, 42, 45, 48, 50, 51, 57, 58, 65, 68, 69, 70, 73, 74, 75, 79, 82, 84, 86, 91, 93, 95, 96, 98, 104, 105, 112, 115, 116, 118, 120, 125, 128, 136, 137, 139, 140, 141, 144, 145, 148, 152, 154, 155, 156, 158, 160, 161, 162, 165, 168, 169, 170, 174, 176, 180, 182, 183, 186, 195, 198, 201, 204, 206, 209, 211, 213, 216, 222, 223, 225, 226, 229, 234, 236, 237, 239, 242, 244, 246, 247, 249, 253, 254, 255, 258, 260, 261, 262, 263, 264, 267, 270, 272, 277, 278, 281, 285, 286, 291, 293, 294, 299, 300, 303, 305, 307, 309, 311, 312, 316, 320, 322, 324, 334, 343, 347, 348, 350, 351, 352, 353, 355, 363, 365, 369, 370, 373, 376, 378, 381, 384, 388, 391, 392, 397, 398, 406, 411, 412, 413, 414, 426, 431, 434, 435, 438, 446, 447, 450, 452, 456, 462, 464, 465, 468, 470, 471, 474, 475, 477, 481, 489, 491, 495, 502, 503, 504, 506, 508, 514, 519, 521, 522, 523, 524, 525, 526, 530, 535, 540, 551, 552, 554, 558, 560, 563, 569, 571, 572, 576, 579, 581, 583, 584, 591, 594, 595, 596, 597, 608, 612, 614, 615, 620, 626, 631, 635, 636, 638, 639, 641, 642, 645, 648, 650, 652, 653, 655, 656, 657, 662, 663, 664, 668, 670, 671, 673, 674, 675, 681, 686, 689, 691, 692, 694, 698, 701, 704, 705, 706, 714, 718, 719, 721, 723, 724, 725, 726, 727, 729, 734, 735, 736, 738, 740, 745, 746, 747, 748, 749, 750, 752, 754, 755, 761, 763, 764, 766, 767, 769, 774, 775, 776, 780, 781, 783, 784, 785, 786, 788, 790, 792, 794, 795, 799, 801, 805, 806, 815, 816, 818, 819, 823, 826, 834, 838, 843, 844, 845, 848, 851, 853, 855, 861, 864, 865, 866, 867, 869, 874, 875, 877, 878, 880, 886, 888, 890, 891, 892, 895, 898, 904, 905, 908, 916, 923, 925, 927, 929, 930, 932, 934, 935, 936, 941, 942, 943, 944, 945, 946, 947, 949, 950, 960, 961, 963, 965, 966, 971, 976, 978, 979, 981, 983, 986, 987, 990, 997, 999, 1000, 1003, 1006, 1008, 1017, 1018, 1021, 1023, 1027, 1028, 1031, 1034, 1035, 1037, 1040, 1041, 1042, 1043, 1045, 1052, 1064, 1065, 1066, 1068, 1075, 1077, 1079, 1090, 1094, 1096, 1101, 1106, 1107, 1109, 1110, 1111, 1115, 1116, 1130, 1131, 1136, 1137, 1140, 1141, 1144, 1151, 1153, 1155, 1158, 1173, 1177, 1182, 1185, 1193, 1199, 1200, 1203, 1211, 1216, 1217, 1219, 1220, 1221, 1224, 1228, 1233, 1240, 1242, 1243, 1244, 1245, 1246, 1248, 1249, 1252, 1254, 1255, 1256, 1258, 1261, 1264, 1265, 1268, 1272, 1276, 1279, 1280, 1283, 1287, 1290, 1298, 1299, 1305, 1306, 1307, 1308, 1309, 1310, 1312, 1314, 1315, 1317, 1318, 1321, 1324, 1328, 1330, 1331, 1334, 1336, 1337, 1339, 1340, 1342, 1343, 1348, 1349, 1350, 1354, 1355, 1356, 1362, 1369, 1370, 1371, 1372, 1373, 1375, 1380, 1382, 1384, 1388, 1389, 1391, 1393, 1400, 1401, 1404, 1405, 1410, 1412, 1414, 1416, 1420, 1428, 1433, 1434, 1438, 1440, 1441, 1445, 1448, 1453, 1454, 1457, 1460, 1465, 1466, 1467, 1474, 1475, 1478, 1481, 1482, 1483, 1490, 1491, 1500, 1502, 1503, 1504, 1507, 1508, 1510, 1511, 1513, 1516, 1518, 1521, 1527, 1534, 1535, 1537, 1542, 1543, 1549, 1551, 1557, 1561, 1566, 1572, 1573, 1574, 1579, 1586, 1589, 1591, 1592, 1596, 1597, 1601, 1604, 1607, 1609, 1618, 1619, 1620, 1621, 1623, 1624, 1625, 1626, 1633, 1636, 1638, 1639, 1640, 1643, 1652, 1653, 1655, 1661, 1662, 1663, 1665, 1670, 1671, 1674, 1679, 1680, 1681, 1691, 1696, 1699, 1700, 1701, 1707, 1709, 1710, 1723, 1725, 1729, 1730, 1731, 1734, 1736, 1737, 1739, 1742, 1744, 1746, 1747, 1749, 1766, 1770, 1777, 1778, 1779, 1786, 1789, 1791, 1794, 1796, 1801, 1804, 1805, 1807, 1808, 1811, 1812, 1813, 1816, 1821, 1825, 1827, 1834, 1836, 1837, 1842, 1849, 1850, 1851, 1853, 1854, 1858, 1861, 1867, 1868, 1870, 1872, 1873, 1874, 1875, 1878, 1883, 1887, 1891, 1894, 1898, 1905, 1906, 1910, 1911, 1912, 1917, 1918, 1920, 1921, 1922, 1924, 1929, 1938, 1948, 1951, 1952, 1959, 1962, 1965, 1971, 1974, 1975, 1978, 1979, 1980, 1981, 1984, 1986, 1997, 2006, 2007, 2008, 2011, 2013, 2015, 2019, 2026, 2028, 2030, 2033, 2040, 2041, 2044, 2046, 2050, 2055, 2056, 2057, 2061, 2063, 2066, 2067, 2070, 2072, 2075, 2079, 2094, 2098, 2099, 2102, 2104, 2105, 2107, 2108, 2109, 2113, 2117, 2118, 2120, 2121, 2122, 2124, 2127, 2128, 2132, 2133, 2135, 2137, 2140, 2141, 2142, 2143, 2152, 2156, 2158, 2160, 2163, 2165, 2166, 2171, 2173, 2175, 2178, 2180, 2182, 2184, 2186, 2188, 2191, 2194, 2197, 2198, 2199, 2203, 2204, 2205, 2208, 2209, 2210, 2213, 2221, 2222, 2223, 2226, 2228, 2229, 2231, 2233, 2234, 2236, 2238, 2244, 2245, 2246, 2248, 2252, 2253, 2256, 2261, 2264, 2269, 2271, 2278, 2281, 2285, 2286, 2290, 2293, 2294, 2295, 2301, 2303, 2304, 2305, 2306, 2315, 2317, 2318, 2319, 2321, 2326, 2327, 2330, 2331, 2332, 2335, 2338, 2345, 2349, 2350, 2352, 2353, 2356, 2358, 2362, 2363, 2366, 2367, 2368, 2369, 2370, 2372, 2374, 2375, 2378, 2381, 2383, 2384, 2386, 2389, 2392, 2394, 2396, 2405, 2409, 2410, 2414, 2415, 2416, 2421, 2422, 2425, 2428, 2430, 2432, 2433, 2441, 2447, 2448, 2453, 2457, 2458, 2460, 2462, 2466, 2468, 2470, 2474, 2478, 2479, 2480, 2481, 2485, 2486, 2488, 2491, 2498, 2499, 2500, 2504, 2506, 2507, 2510, 2517, 2519, 2521, 2523, 2524, 2525, 2528, 2529, 2534, 2540, 2541, 2544, 2545, 2546, 2549, 2550, 2551, 2555, 2558, 2560, 2562, 2563, 2564, 2569, 2571, 2577, 2578, 2587, 2594, 2598, 2601, 2604, 2607, 2610, 2612, 2615, 2616, 2617, 2620, 2621, 2622, 2623, 2624, 2628, 2631, 2632, 2635, 2636, 2640, 2641, 2644, 2653, 2654, 2655, 2657, 2663, 2667, 2669, 2672, 2674, 2675, 2680, 2683, 2687, 2688, 2689, 2690, 2692, 2696, 2709, 2710, 2711, 2712, 2713, 2716, 2717, 2722, 2723, 2725, 2731, 2732, 2734, 2735, 2738, 2741, 2744, 2745, 2746, 2747, 2748, 2754, 2758, 2770, 2771, 2774, 2776, 2777, 2779, 2780, 2782, 2783, 2784, 2785, 2786, 2787, 2788, 2789, 2794, 2797, 2799, 2805, 2806, 2809, 2813, 2814, 2818, 2827, 2831, 2833, 2834, 2837, 2840, 2842, 2844, 2849, 2850, 2851, 2855, 2856, 2859, 2861, 2863, 2868, 2869, 2870, 2872, 2873, 2877, 2880, 2885, 2886, 2888, 2889, 2890, 2891, 2892, 2893, 2894, 2903, 2905, 2910, 2911, 2914, 2918, 2919, 2921, 2922, 2924, 2925, 2933, 2937, 2938, 2939, 2942, 2944, 2946, 2947, 2948, 2950, 2951, 2955, 2959, 2960, 2964, 2968, 2970, 2976, 2978, 2982, 2987, 2990, 2998, 3000, 3001, 3007, 3009, 3015, 3016, 3018, 3019, 3021, 3023, 3024, 3027, 3031, 3033, 3040, 3059, 3072, 3077, 3078, 3081, 3083, 3085, 3091, 3099, 3100, 3104, 3107, 3108, 3111, 3117, 3118, 3121, 3123, 3125, 3129, 3131, 3133, 3136, 3137, 3141, 3142, 3146, 3150, 3153, 3154, 3155, 3157, 3162, 3163, 3166, 3168, 3169, 3170, 3171, 3173, 3175, 3176, 3178, 3180, 3181, 3182, 3185, 3186, 3193, 3194, 3196, 3199, 3200, 3206, 3358, 3396, 3575, 3784, 3938, 4099, 4164, 4243, 4420, 4584, 4638, 4955, 5157]

